4294967278,53
4294967278,52
4294967278,51
4294967278,50
4294967278,49
4294967278,48
4294967278,47
4294967278,46
4294967278,45
4294967278,44
4294967279,276
4294967279,41
4294967279,40
4294967279,38
4294967279,33
4294967279,26
4294967279,24
4294967279,22
4294967279,20
4294967279,15
4294967279,13
4294967279,12
4294967279,11
4294967279,311
4294967279,8
4294967279,7
4294967279,6
4294967279,5
4294967279,4
4294967278,267
4294967278,281
4294967279,275
4294967278,345
4294967279,258
4294967294,11
4294967294,5
4294967278,263
4294967279,256
4294967278,262
4294967278,344
4294967279,254
4294967279,253
4294967278,258
4294967279,563
4294967279,531
4294967278,343
4294967279,530
4294967278,256
4294967278,341
4294967279,528
4294967278,339
4294967279,562
4294967278,255
4294967279,526
4294967294,201
4294967294,1415
4294967279,525
4294967278,0
4294967278,347
4294967279,25
4294967279,18
4294967279,17
4294967279,14
4294967279,9
4294967279,523
4294967278,336
4294967279,250
4294967278,251
4294967278,246
4294967294,470
4294967279,244
4294967294,61
4294967294,12
4294967294,68
4294967279,522
4294967278,335
4294967279,236
4294967279,235
4294967279,225
4294967278,224
4294967279,223
4294967279,221
4294967294,0
0,5
4294967279,219
4294967294,17
4294967294,76
4294967294,81
4294967294,50
4294967294,408
4294967294,185
4294967294,1000
4294967294,178
4294967294,450
4294967294,116
4294967294,448
4294967294,467
4294967294,455
4294967294,190
4294967294,149
4294967294,46
4294967294,423
4294967294,2
4294967294,1418
4294967294,426
4294967294,38
4294967279,216
4294967294,22
4294967294,471
4294967294,67
4294967294,7
4294967294,9
4294967279,213
4294967294,40
4294967294,150
4294967294,1
4294967294,418
4294967294,29
4294967294,128
4294967294,28
4294967294,1015
4294967294,27
4294967294,151
4294967294,26
4294967294,92
4294967294,88
4294967294,85
4294967294,1416
4294967294,43
4294967294,416
4294967294,472
4294967294,25
4294967294,204
4294967294,82
4294967278,212
4294967278,369
4294967279,212
4294967279,0
4294967279,211
4294967294,83
4294967279,210
4294967294,6
4294967294,94
4294967294,93
4294967294,96
4294967294,95
4294967279,209
59,6
59,5
4294967279,208
59,4
0,7
4294967294,8
4294967293,131
4294967293,130
4294967293,129
4294967293,128
4294967293,127
4294967293,126
4294967293,125
4294967293,124
4294967293,123
4294967293,122
4294967293,121
4294967293,120
4294967293,119
4294967293,118
4294967293,117
4294967293,116
4294967293,115
4294967293,114
4294967293,113
4294967293,112
4294967293,111
4294967293,110
4294967293,109
4294967293,108
4294967293,107
4294967293,106
4294967293,105
4294967293,104
4294967293,103
4294967293,102
4294967293,101
4294967293,100
4294967293,99
4294967293,98
4294967293,97
4294967293,96
4294967293,95
4294967293,94
4294967293,93
4294967293,92
4294967293,91
4294967293,90
4294967293,89
4294967293,87
4294967293,86
4294967293,85
4294967293,84
4294967293,83
4294967293,82
4294967293,81
4294967293,80
4294967293,79
4294967293,78
4294967293,77
4294967293,76
4294967293,75
4294967293,74
4294967293,73
4294967293,72
4294967293,71
4294967293,70
4294967293,69
4294967293,68
4294967293,67
4294967293,66
4294967293,65
4294967293,64
4294967293,63
4294967293,62
4294967293,61
4294967293,60
4294967293,59
4294967293,58
4294967293,57
4294967293,56
4294967293,55
4294967293,54
4294967293,53
59,3
4294967293,52
4294967293,51
4294967293,50
4294967293,49
4294967293,48
4294967293,47
4294967293,46
4294967293,45
4294967293,44
59,2
4294967293,43
4294967293,42
4294967293,41
4294967293,40
4294967293,39
4294967293,38
4294967293,37
4294967293,36
4294967293,35
4294967293,34
4294967293,33
4294967293,32
4294967293,31
4294967293,30
4294967293,29
4294967293,28
4294967293,27
4294967293,26
4294967293,25
4294967293,24
59,1
4294967293,23
4294967293,22
4294967293,21
4294967293,20
4294967293,19
4294967293,18
4294967293,17
4294967293,16
4294967293,15
4294967293,14
4294967293,13
4294967293,12
4294967293,11
4294967293,10
4294967293,9
4294967293,8
4294967293,7
4294967293,6
4294967293,5
4294967293,4
4294967293,3
4294967278,312
4294967278,9
4294967278,8
4294967278,7
4294967278,6
4294967279,132
4294967279,131
4294967279,128
4294967279,127
4294967279,126
4294967279,125
4294967279,123
4294967279,119
4294967279,118
4294967279,117
4294967279,116
4294967279,114
4294967279,111
4294967279,110
4294967279,109
4294967279,226
4294967279,107
4294967279,106
4294967279,105
4294967279,218
4294967279,104
4294967279,103
4294967279,214
4294967279,102
4294967279,101
4294967279,100
4294967279,99
4294967279,98
4294967279,97
4294967279,96
4294967279,95
4294967279,94
4294967279,91
4294967279,89
4294967279,87
4294967279,86
4294967279,85
4294967279,84
4294967279,83
4294967279,82
4294967279,81
4294967279,79
4294967279,78
4294967279,310
4294967279,77
4294967279,309
4294967279,76
4294967279,308
4294967279,75
4294967279,74
4294967279,72
4294967279,71
4294967279,70
4294967279,69
4294967279,68
4294967279,67
